0,1,13.207388,1,11.597951889038086,2.70
[0.2999899983406067, 0.2999899983406067, 0.2999899983406067, 0.2999899983406067, 0.2999899983406067, 0.2999899983406067, 0.2999899983406067, 0.2999899983406067, 0.0]
1,1,10.078155,1,9.847148895263672,2.73
[0.08627450466156006, 0.2999899983406067, 0.2999899983406067, -0.2999899983406067, 0.2999899983406067, 0.2999899983406067, -0.0470588244497776, 0.2999899983406067, 0.2999899983406067]
2,1,8.891303,1,7.6862711906433105,2.74
[-0.2235294133424759, -0.2999899983406067, -0.2999899983406067, -0.2999899983406067, -0.2999899983406067, -0.2999899983406067, -0.2999899983406067, -0.2999899983406067, 0.2999899983406067]
3,1,9.127822,1,7.694751262664795,2.67
[0.2999899983406067, 0.2999899983406067, 0.2999899983406067, 0.2999899983406067, 0.2999899983406067, 0.2999899983406067, 0.2999899983406067, 0.2999899983406067, 0.2999899983406067]
4,1,6.975925,1,6.396200656890869,2.67
[0.2999899983406067, 0.2999899983406067, 0.2999899983406067, 0.2999899983406067, 0.2999899983406067, 0.0, 0.2999899983406067, 0.2999899983406067, 0.0]
5,1,11.502305,1,10.493973731994629,2.64
[-0.2999899983406067, -0.2999899983406067, -0.2999899983406067, -0.2999899983406067, -0.2999899983406067, 0.06666666269302368, -0.2999899983406067, -0.2999899983406067, 0.1254901885986328]
6,1,4.814877,1,4.4470415115356445,2.71
[-0.2999899983406067, -0.2999899983406067, -0.2999899983406067, -0.2999899983406067, -0.2999899983406067, -0.1725490242242813, 0.0, 0.0, 0.2999899983406067]
